translation: 
  x: -0.0288495242573
  y: -0.00128352090693
  z: 0.0257829143982
rotation: 
  x: 0.00445104538615
  y: -0.116875885064
  z: 0.702972811188
  w: 0.701533635983


