translation: 
  x: -0.0658512732406
  y: 0.0116465619365
  z: 0.0270497590092
rotation: 
  x: -0.530037888794
  y: 0.536860164998
  z: -0.434730674471
  w: 0.491782716608
